0.00230846174844648 0.00139974040212417 0.000180776450781222 8.88884065665451e-05 6.17832336157658e-05 5.02268423924553e-05 4.44855338254683e-05 4.13765315844161e-05 3.95716992669203e-05 3.84537881236659e-05
0.00486439422281604 0.00613770679981041 0.000421870243046063 0.000198656546776276 0.000127318017708953 9.67931968755957e-05 8.15226065271619e-05 7.28778076359786e-05 6.7368236065087e-05 6.34501698867363e-05
0.00856522076127655 0.0126485271406507 0.00150368790724942 0.000405511155338405 0.000241432665429173 0.00017684939312475 0.000143295952635522 0.000123205837627784 0.000109772908615394 0.000100022531916777
0.0130679191275819 0.0179385003277857 0.0089856710205778 0.0010877370051725 0.000512319492060592 0.000331231273325578 0.00024816834966769 0.000200971250533502 0.000170434693119312 0.000149152633018019
0.0187989320025348 0.0239879219114402 0.0252961162622081 0.00175547248175945 0.000862472440657726 0.000548429492731106 0.000393280333482015 0.000305043144799305 0.000249864294343512 0.000213125585022215
0.0252434420776761 0.0306446435455428 0.0400187590224425 0.00500998526238778 0.0012785940669287 0.000748003866953179 0.000534056145523285 0.000414690077713474 0.00033937926423898 0.000289185740654304
0.0330009687168175 0.0385356372651895 0.0501894643768569 0.0224342421511513 0.00268573709269785 0.00127981366613548 0.000816028221069295 0.000601199895767319 0.00048059956117307 0.000404059146080047
0.0413812892533775 0.0469778647411211 0.0593776364619399 0.0530047242358373 0.003777519957606 0.00190626781362347 0.00123714858249306 0.00089407023175278 0.000693511414289605 0.00056608931108689
0.0511609069965039 0.0568360622063051 0.0701128392273784 0.0798047419907246 0.0089477223264927 0.00252549449829947 0.00154632511590217 0.00112974189962591 0.000886336556870603 0.000724180424444252
0.0617194505377024 0.0674145167030578 0.0811809217355632 0.0964121746931903 0.0329529711419615 0.00435024928236172 0.00222343434499166 0.00147384094691022 0.00110645709446294 0.000889966676906813
