2608.71     2842.94     2641.00     2929.00
3032.19     511.06     3051.00     504.00
4946.83     1959.93     5000.00     1716.00
4187.28     1525.07     4179.00     1514.00
2005.58     539.67     2026.00     504.00
3239.58     3223.64     3359.00     3737.00
1985.17     902.90     2026.00     908.00
1897.05     1300.59     1821.00     1716.00
2800.47     1305.33     2846.00     1312.00
2419.93     3108.45     2538.00     3131.00
2410.06     1311.52     2333.00     1110.00
2504.93     2998.71     2744.00     3131.00
3959.70     6276.87     3769.00     6161.00
3364.79     2422.58     3359.00     2322.00
4850.26     7656.02     4795.00     7778.00
4396.17     7342.78     4385.00     7575.00
3954.14     516.27     3974.00     504.00
4224.66     5492.32     4282.00     5353.00
3264.44     2059.91     3256.00     2120.00
2360.32     2538.97     2436.00     2727.00
4522.99     4252.21     4487.00     4343.00
2438.05     1143.27     2436.00     1110.00
3096.69     423.99     3154.00     504.00
4727.48     6416.90     4590.00     5757.00
3630.40     5577.44     3462.00     5151.00
4666.19     2693.53     4692.00     2727.00
4227.10     6927.12     4282.00     7980.00
3514.80     5594.74     3462.00     5353.00
4500.16     232.24     4487.00     100.00
4174.18     3335.63     4179.00     3333.00
2649.27     271.84     2641.00     302.00
3939.53     716.05     3974.00     706.00
2594.21     2256.01     2744.00     2929.00
3083.85     1077.76     3154.00     1110.00
2371.95     2172.80     2333.00     2524.00
4578.59     3578.58     4590.00     3535.00
3574.20     2168.93     3564.00     2120.00
5024.38     7847.66     5000.00     6969.00
1587.45     699.57     1410.00     1110.00
4496.37     2956.37     4487.00     2929.00
4914.83     7973.70     4897.00     7980.00
4640.13     483.28     4590.00     504.00
4107.15     7067.98     4077.00     7575.00
2934.41     855.27     2949.00     908.00
4670.68     7133.82     4590.00     6161.00
5020.75     7954.43     4897.00     7778.00
2371.30     1794.05     2333.00     1514.00
3869.54     148.02     3872.00     100.00
4484.46     1699.13     4487.00     1716.00
4990.29     7403.93     5000.00     6767.00
4156.61     2115.66     4179.00     2120.00
4313.32     6587.40     4282.00     5959.00
4695.59     1732.55     4692.00     1716.00
3933.43     3839.71     4077.00     4343.00
3424.15     3273.54     3462.00     3737.00
4685.09     3729.75     4692.00     3737.00
3464.78     1766.91     3462.00     1918.00
3275.91     344.79     3256.00     302.00
4113.18     1352.60     4077.00     1312.00
3100.78     2552.46     3051.00     2524.00
2848.10     874.87     2846.00     908.00
4037.56     1499.86     3974.00     1514.00
2524.34     1156.58     2538.00     1110.00
4152.09     370.44     4179.00     302.00
4868.40     5306.40     4897.00     5353.00
4535.59     367.38     4487.00     302.00
4187.43     117.88     4179.00     100.00
4304.42     6993.70     4385.00     7980.00
4190.86     888.57     4179.00     908.00
3713.01     341.58     3667.00     302.00
3955.97     6198.11     4077.00     6969.00
3860.37     2754.54     3872.00     2727.00
3929.44     4146.18     3974.00     4545.00
3038.38     1548.14     3051.00     1514.00
1875.25     1233.08     1821.00     1312.00
2436.51     26.10     2436.00     100.00
4254.14     2104.98     4282.00     2120.00
2551.22     1765.39     2538.00     1514.00
3799.80     5896.21     3769.00     5555.00
3511.03     2357.01     3564.00     2322.00
5014.98     8474.28     5000.00     8182.00
3165.06     2603.24     3154.00     2524.00
2806.61     3395.85     2846.00     3333.00
3673.75     477.50     3667.00     504.00
5010.64     6594.43     5000.00     5959.00
4475.30     1550.54     4487.00     1514.00
4851.41     5093.76     5000.00     5151.00
4951.15     2425.57     5000.00     2322.00
2420.57     2788.64     2538.00     2929.00
2883.58     4171.92     2949.00     4141.00
3982.38     5764.94     3974.00     5959.00
4297.83     3867.48     4385.00     4343.00
3290.92     1131.70     3359.00     1110.00
4820.41     3742.53     4795.00     3737.00
4785.30     1595.72     4795.00     1514.00
2841.50     113.45     2846.00     100.00
3436.76     1452.70     3462.00     1514.00
3756.85     5666.85     3667.00     5151.00
3303.02     1336.43     3359.00     1312.00
2838.17     607.29     2846.00     504.00
3530.39     4930.05     3462.00     4747.00
3600.35     5653.82     3667.00     5959.00
4352.43     1908.55     4385.00     1918.00
3131.26     2922.96     3256.00     3535.00
3173.29     130.26     3154.00     100.00
3175.18     1634.39     3154.00     1716.00
1866.74     1347.44     1821.00     1514.00
2456.91     281.11     2436.00     302.00
4592.33     7464.72     4590.00     7373.00
4212.85     4708.81     4179.00     4747.00
2827.81     3602.85     2846.00     3535.00
3091.24     3925.55     3051.00     3939.00
4622.70     7544.72     4487.00     7171.00
4474.83     820.05     4487.00     706.00
3943.76     2515.42     3974.00     2524.00
4570.79     3239.69     4590.00     3131.00
3634.89     4703.04     3667.00     4545.00
4226.72     6691.45     4077.00     6161.00
4738.94     8206.06     4897.00     9394.00
2864.92     2908.05     3051.00     3535.00
1236.62     209.40     1205.00     504.00
5038.43     7855.55     5000.00     7778.00
4998.59     7879.59     5000.00     7171.00
3114.33     3071.55     3154.00     3131.00
4525.50     7702.66     4590.00     8586.00
2645.05     41.18     2641.00     100.00
4574.50     4833.62     4692.00     4747.00
3802.95     5227.87     3769.00     4949.00
4017.30     6261.37     3974.00     6161.00
4761.08     3489.92     4795.00     3535.00
4643.82     7000.24     4590.00     6767.00
3625.41     5826.87     3564.00     5555.00
2966.85     2568.53     2949.00     2524.00
4917.18     3747.02     4897.00     3737.00
4765.46     5334.23     4692.00     5151.00
2299.59     3834.99     2333.00     3333.00
2414.80     1908.81     2436.00     1716.00
3241.79     876.50     3256.00     908.00
3179.52     1088.83     3256.00     1110.00
2773.15     4203.46     2744.00     4141.00
4835.22     7795.35     4795.00     7980.00
2013.49     305.27     2026.00     302.00
3975.10     5382.98     3974.00     4949.00
3234.03     1482.00     3256.00     1514.00
2526.32     3665.22     2641.00     3535.00
3545.51     1207.27     3564.00     1110.00
1801.68     1314.14     1615.00     1514.00
4496.64     3379.53     4487.00     3333.00
3589.19     5822.89     3462.00     5959.00
3624.64     5493.78     3769.00     5959.00
2531.00     1954.12     2436.00     1514.00
4923.97     2793.42     5000.00     2727.00
2198.97     2921.20     2333.00     2929.00
2401.17     2184.35     2436.00     2120.00
3121.16     4915.64     3154.00     5151.00
4190.13     5820.36     4179.00     5151.00
4036.58     4790.61     3974.00     4747.00
4299.49     4475.44     4282.00     4545.00
4822.48     6827.15     4795.00     6565.00
4060.89     3156.22     4077.00     3131.00
4956.39     6339.52     4897.00     5555.00
4164.18     3049.26     4179.00     2929.00
3108.10     3209.38     3256.00     3737.00
2646.09     1966.95     2641.00     1716.00
1337.40     315.96     1205.00     302.00
4960.98     6569.64     5000.00     6363.00
3227.52     2619.05     3256.00     2524.00
4838.31     2601.19     4795.00     2524.00
4686.60     6967.65     4692.00     6161.00
4911.60     3323.94     4897.00     3333.00
2256.24     1760.27     2231.00     1514.00
4680.55     874.29     4692.00     706.00
3266.96     4851.13     3154.00     4343.00
1833.13     347.20     1821.00     302.00
2389.71     1592.80     2333.00     1312.00
4612.51     7833.31     4692.00     8586.00
4887.93     658.63     4897.00     504.00
3040.99     1829.65     3051.00     1918.00
3297.26     907.08     3359.00     908.00
4439.80     3869.57     4487.00     3939.00
2947.96     3263.23     3051.00     3737.00
3996.01     1799.99     3974.00     1918.00
3860.56     541.56     3872.00     504.00
2122.95     1720.11     2026.00     2120.00
4201.48     3188.97     4179.00     3131.00
4563.12     1884.18     4590.00     1918.00
4790.94     8369.72     4897.00     9596.00
4121.54     1106.28     4077.00     1110.00
2708.49     1317.68     2744.00     1312.00
4768.51     3983.75     4795.00     4141.00
3673.46     4322.24     3769.00     4343.00
1588.85     722.41     1513.00     1110.00
3379.27     5617.86     3256.00     5555.00
4894.50     2963.71     4897.00     2929.00
4290.48     6859.95     4282.00     7171.00
3896.82     6339.32     3872.00     6363.00
4649.68     7418.87     4692.00     7373.00
3600.58     2802.61     3564.00     2929.00
3690.12     3500.34     3667.00     3737.00
1465.19     502.63     1513.00     908.00
