4955.74     1014.43     4897.00     908.00
3389.69     753.42     3359.00     706.00
2713.72     2044.44     2744.00     1918.00
3651.37     101.90     3667.00     100.00
3713.05     3844.11     3769.00     3939.00
4197.60     4623.28     4179.00     4545.00
2748.96     4220.15     2641.00     4141.00
3054.81     1582.18     3051.00     1514.00
4453.92     7139.36     4487.00     6767.00
2645.18     1471.99     2641.00     1514.00
1810.51     921.73     1821.00     908.00
3481.59     2122.20     3462.00     2120.00
4225.69     6827.79     4077.00     6161.00
2734.63     674.85     2744.00     706.00
4846.34     5274.43     4897.00     5353.00
3665.53     2974.13     3667.00     2929.00
3249.42     275.08     3256.00     302.00
1797.61     1645.20     1718.00     1514.00
4890.61     7848.38     4897.00     7171.00
2061.51     2628.62     2128.00     2524.00
4920.38     1298.64     4897.00     1110.00
4959.15     8076.62     4897.00     7575.00
4857.47     316.56     4795.00     302.00
3156.74     1695.74     3154.00     1716.00
4781.38     3170.28     4795.00     3131.00
3586.21     3499.78     3667.00     3737.00
4489.96     1967.88     4487.00     1918.00
5170.75     4228.15     5000.00     3939.00
3079.57     376.83     3051.00     302.00
4914.29     8503.94     4897.00     8990.00
4319.93     2372.49     4282.00     2322.00
2320.37     1195.19     2333.00     1110.00
2333.11     2961.28     2333.00     2929.00
2486.96     3700.56     2538.00     3535.00
4175.35     646.11     4077.00     504.00
4460.32     7967.14     4487.00     8586.00
4258.34     6607.62     4179.00     6161.00
2085.01     480.81     2128.00     504.00
2637.15     3701.40     2436.00     3333.00
1282.92     226.74     1308.00     100.00
4401.78     6713.09     4385.00     6363.00
4648.48     6297.03     4692.00     6161.00
2626.40     2772.32     2744.00     2929.00
4977.63     462.43     4897.00     302.00
2802.47     3046.15     2846.00     3131.00
4451.77     321.94     4487.00     302.00
2016.79     822.44     2026.00     908.00
3656.12     1308.84     3667.00     1312.00
3695.63     729.74     3667.00     706.00
4706.06     4727.06     4795.00     4747.00
2523.29     3362.39     2538.00     3333.00
5104.56     2029.33     5000.00     1918.00
4736.71     639.71     4692.00     504.00
4278.58     6950.78     4282.00     6969.00
4778.88     307.44     4692.00     302.00
1678.80     95.16     1718.00     100.00
2820.91     1573.29     2846.00     1514.00
3853.52     2135.58     3872.00     2120.00
4874.11     5696.04     4795.00     5555.00
2734.55     1146.04     2744.00     1110.00
3973.82     6177.68     3974.00     5555.00
3868.70     6686.54     3769.00     6565.00
2174.70     453.87     2231.00     504.00
4866.93     8482.83     4897.00     9192.00
3850.73     6562.56     3872.00     6363.00
4660.77     5796.86     4692.00     5959.00
3528.07     1505.93     3564.00     1514.00
3171.92     1089.18     3154.00     1110.00
4312.90     7628.17     4282.00     8182.00
4889.24     5937.38     4897.00     5959.00
4802.06     8622.07     5000.00     9596.00
4737.64     4950.28     5000.00     5151.00
4537.36     3105.30     4590.00     3131.00
4871.92     4073.75     4795.00     3939.00
4844.36     8770.82     4897.00     9596.00
4455.90     7713.37     4487.00     7575.00
3362.14     4640.14     3462.00     4545.00
2893.84     4291.01     2949.00     4545.00
4284.42     3174.77     4282.00     3131.00
4476.27     2623.56     4487.00     2524.00
1410.05     416.33     1410.00     504.00
2648.15     1685.99     2641.00     1716.00
2242.79     1443.32     2231.00     1514.00
3447.99     1494.40     3462.00     1514.00
3491.49     4673.56     3564.00     4949.00
1941.98     637.79     2026.00     706.00
4657.55     7914.77     4692.00     8182.00
4283.25     1140.96     4282.00     1110.00
3021.83     3563.50     3051.00     3737.00
4839.16     4132.98     4795.00     4141.00
4513.93     5763.73     4487.00     5757.00
2398.39     1158.37     2436.00     1110.00
1601.59     434.09     1615.00     504.00
3570.42     5607.33     3462.00     5151.00
1595.80     304.92     1615.00     302.00
3851.04     510.16     3872.00     504.00
2777.84     59.40     2744.00     100.00
4909.70     2804.74     4897.00     2727.00
4086.23     834.70     4077.00     908.00
2892.39     4079.36     2949.00     4141.00
4076.95     1720.53     4077.00     1716.00
3794.73     6174.02     3872.00     6767.00
5045.65     2293.72     5000.00     2120.00
1647.48     704.04     1615.00     706.00
3303.68     2804.89     3256.00     2727.00
4104.34     3397.75     4179.00     3333.00
4964.29     1662.18     5000.00     1716.00
3576.24     3142.93     3564.00     3131.00
4744.01     5239.36     5000.00     5353.00
4646.76     3275.60     4692.00     3333.00
3204.46     2997.33     3154.00     2929.00
3225.77     4705.36     3256.00     4747.00
4577.21     5293.11     4590.00     5353.00
3865.20     3326.44     3872.00     3333.00
4680.39     102.06     4590.00     100.00
3614.45     3356.25     3564.00     3333.00
4799.77     66.97     4795.00     100.00
2758.30     2294.63     2846.00     2322.00
3043.54     2355.62     3051.00     2322.00
2967.30     2205.96     2949.00     2120.00
4267.21     6982.86     4282.00     6565.00
3455.33     897.72     3462.00     908.00
4817.46     763.63     4795.00     706.00
4203.08     7452.60     4179.00     7373.00
4401.20     4939.77     4385.00     4949.00
1998.98     1490.54     2026.00     1514.00
2937.98     1357.61     2949.00     1312.00
4975.66     2612.85     5000.00     2524.00
5044.92     5816.67     5000.00     5757.00
4552.95     2130.38     4487.00     2120.00
4595.05     7662.39     4590.00     7575.00
2794.04     3588.87     2744.00     3535.00
5109.78     899.77     5000.00     706.00
3863.11     2771.52     3872.00     2727.00
3611.19     4059.47     3564.00     3939.00
3486.35     555.42     3462.00     504.00
4567.67     1754.26     4590.00     1716.00
4425.26     4792.72     4487.00     4747.00
4568.17     5414.93     4590.00     5555.00
1547.21     895.95     1513.00     908.00
4878.47     8265.71     4795.00     7575.00
3469.43     4121.30     3667.00     4343.00
3982.12     4803.50     3974.00     4747.00
3482.65     3168.95     3462.00     3131.00
4185.91     5109.48     4282.00     5353.00
2807.76     379.80     2846.00     302.00
3434.45     3101.03     3359.00     3131.00
4347.18     4711.64     4385.00     4747.00
5072.06     4790.68     5000.00     4747.00
4649.18     7448.72     4692.00     7171.00
2071.30     1842.01     2128.00     1918.00
4916.43     2378.78     4897.00     2322.00
2437.87     975.29     2436.00     908.00
4620.16     6642.92     4590.00     6565.00
3557.11     4597.48     3564.00     4747.00
4648.98     6421.49     4692.00     6565.00
3568.65     1730.75     3564.00     1716.00
4560.11     4787.25     4590.00     4747.00
3921.65     786.89     3872.00     706.00
2981.80     4737.85     3051.00     4747.00
4561.56     2942.88     4590.00     2929.00
3829.64     5231.24     3769.00     5151.00
3925.20     6872.74     3872.00     7171.00
2428.66     1703.43     2436.00     1716.00
2199.84     1157.94     2231.00     1110.00
2461.91     2286.75     2436.00     2322.00
4517.75     1404.52     4487.00     1312.00
4273.89     923.86     4282.00     908.00
4596.87     615.26     4590.00     504.00
5064.02     4216.20     4897.00     3939.00
2134.53     1979.78     2231.00     2120.00
3666.85     4606.36     3667.00     4747.00
4335.48     7450.52     4385.00     7778.00
4370.66     3092.58     4385.00     3131.00
4030.70     5379.12     4077.00     5353.00
4505.95     7309.11     4590.00     7373.00
4603.84     2115.31     4590.00     2120.00
4036.52     4137.68     4077.00     4141.00
2795.44     3917.96     2846.00     3939.00
2601.94     3923.92     2538.00     3737.00
5001.35     3001.81     5000.00     2929.00
2645.53     3967.14     2641.00     3737.00
3890.75     1123.45     3872.00     1110.00
4761.56     5000.63     4897.00     5151.00
3327.42     4584.64     3359.00     4343.00
4064.48     3797.46     4077.00     3737.00
2996.54     4570.77     3154.00     5353.00
3740.95     5760.90     3769.00     5757.00
1577.15     1161.20     1513.00     1110.00
4988.85     8179.61     4897.00     7778.00
1865.26     288.21     1923.00     302.00
4954.97     6392.71     4795.00     6161.00
3853.57     3121.79     3872.00     3131.00
4676.60     2335.22     4692.00     2322.00
4326.12     325.25     4282.00     302.00
5056.49     1438.29     5000.00     1110.00
2296.12     2108.01     2333.00     2120.00
2228.31     1737.87     2231.00     1716.00
4495.21     132.03     4385.00     100.00
3799.44     1757.20     3769.00     1716.00
