4938.99     4672.69     4897.00     4343.00
1574.47     547.43     1615.00     908.00
2988.80     4618.27     3051.00     4747.00
2113.00     409.93     2128.00     302.00
4993.26     7413.23     5000.00     6565.00
2496.22     3335.81     2641.00     3131.00
1586.20     887.43     1513.00     1110.00
2074.91     2257.79     2026.00     2120.00
3384.20     5037.01     3359.00     5151.00
4587.18     5425.14     4487.00     4545.00
3446.83     1609.72     3462.00     1514.00
3395.61     4921.81     3462.00     4545.00
2729.29     926.54     2744.00     908.00
4243.16     6416.23     4179.00     6161.00
2854.01     4247.84     2846.00     4141.00
4772.12     7566.32     4897.00     9192.00
2786.25     1345.51     2846.00     1312.00
4177.93     407.78     4179.00     302.00
3807.71     2942.94     3872.00     2727.00
3830.46     4191.74     3872.00     3939.00
3389.27     5168.94     3359.00     5353.00
3422.77     4786.14     3462.00     4949.00
3891.11     6048.02     3872.00     7171.00
4709.21     4374.87     4692.00     4343.00
2988.75     2115.98     2949.00     1918.00
4828.44     1218.57     4795.00     1110.00
2831.50     181.17     2846.00     302.00
3376.75     5247.64     3359.00     5555.00
4610.59     367.90     4590.00     302.00
4678.55     6546.74     4590.00     5555.00
4014.68     6136.88     3974.00     6363.00
4822.75     920.00     4795.00     908.00
2731.57     2251.56     2744.00     2727.00
3664.32     5489.26     3769.00     5959.00
4490.99     2305.56     4487.00     2322.00
3078.11     838.45     3051.00     908.00
4487.39     6732.54     4487.00     6969.00
4274.80     2722.84     4282.00     2727.00
4327.72     4450.65     4385.00     4343.00
3298.05     253.63     3256.00     302.00
3460.11     235.24     3462.00     302.00
3214.20     764.33     3256.00     908.00
4829.33     508.24     4795.00     504.00
3547.95     1381.48     3564.00     1312.00
3985.00     327.47     3974.00     302.00
3280.94     4865.49     3256.00     4949.00
2321.66     1582.66     2333.00     1716.00
2624.41     3451.67     2744.00     3131.00
2951.37     1442.99     2949.00     1312.00
4952.01     7624.57     4897.00     7778.00
4617.44     4484.14     4487.00     4343.00
4190.31     6027.85     4179.00     5151.00
3931.97     135.41     3974.00     100.00
4757.01     660.88     4795.00     706.00
2193.31     1088.60     2231.00     1110.00
3090.53     4668.92     3051.00     4545.00
4550.63     3643.01     4590.00     3737.00
2615.58     2878.86     2846.00     3131.00
4867.03     6331.23     5000.00     5353.00
4130.60     2902.50     4179.00     2929.00
3523.29     2857.46     3462.00     2929.00
4161.70     567.75     4179.00     504.00
2580.80     1575.59     2538.00     1514.00
4947.95     7713.20     5000.00     7980.00
1751.67     579.18     1718.00     706.00
4029.90     1368.06     4077.00     1514.00
3901.21     5891.23     3872.00     5353.00
2489.81     1240.97     2538.00     1312.00
3947.54     2630.75     4077.00     2727.00
4902.18     2762.65     5000.00     2929.00
1601.33     1151.87     1410.00     1110.00
4282.26     6106.07     4282.00     5353.00
4485.57     2591.03     4487.00     2727.00
2910.08     4193.91     2846.00     3939.00
2512.83     3295.39     2538.00     2929.00
4899.19     7213.66     4795.00     6565.00
2225.25     3258.44     2128.00     2322.00
1664.69     341.11     1718.00     504.00
3039.46     172.14     3051.00     302.00
3345.12     2972.27     3256.00     3131.00
4910.06     6989.08     4897.00     5555.00
5104.67     1736.68     5000.00     1918.00
4845.85     4573.76     4795.00     4343.00
2814.64     -192.57     2846.00     100.00
4819.15     6769.25     4692.00     5555.00
1707.99     927.87     1718.00     1110.00
2444.13     592.01     2436.00     504.00
1415.43     122.13     1410.00     100.00
4070.43     6143.12     4179.00     6767.00
3812.88     141.40     3872.00     100.00
4795.73     3547.59     4795.00     3535.00
2744.77     759.29     2744.00     706.00
3846.24     5442.35     3769.00     4949.00
2961.81     2217.28     2846.00     1918.00
2597.69     1750.22     2538.00     1918.00
2955.29     3393.91     3154.00     3333.00
2080.08     1338.88     2231.00     1918.00
4799.82     7448.92     5000.00     8586.00
4707.21     6757.76     4692.00     5959.00
1437.70     1125.70     1000.00     100.00
3138.01     3954.59     3256.00     3737.00
3976.59     5980.22     3974.00     5353.00
4020.78     100.37     4077.00     100.00
3084.63     1396.42     3051.00     1312.00
4942.91     7724.00     4897.00     8384.00
4528.96     6338.35     4487.00     5353.00
4688.65     7034.20     4590.00     6363.00
4830.97     7231.40     4692.00     6565.00
2867.00     2398.01     2744.00     2120.00
4418.42     4155.80     4282.00     4141.00
2796.04     2134.34     2641.00     1918.00
4409.93     1557.31     4385.00     1716.00
2666.34     4368.71     2436.00     3535.00
4448.75     14.03     4487.00     100.00
4831.54     6612.34     5000.00     5555.00
4466.33     2183.68     4487.00     2120.00
2620.27     1240.02     2641.00     1312.00
2812.10     2265.02     2744.00     1918.00
3548.44     5230.89     3462.00     5151.00
3585.04     5472.14     3564.00     6363.00
2913.55     3923.57     2949.00     3333.00
3379.75     487.31     3462.00     706.00
4186.66     4223.61     4179.00     3939.00
4144.23     128.08     4179.00     100.00
4903.72     7111.69     4795.00     6161.00
2274.78     3337.56     2333.00     2929.00
3203.88     4636.08     3154.00     4141.00
3358.45     2677.31     3359.00     2524.00
4749.62     2407.43     4692.00     2322.00
4866.29     7654.51     5000.00     9192.00
3680.64     4833.49     3769.00     4343.00
2937.09     1649.22     2949.00     1514.00
2273.71     1517.16     2333.00     1918.00
4698.38     7426.20     4692.00     8990.00
4458.28     6960.04     4487.00     7575.00
4463.70     5915.69     4487.00     5151.00
2928.00     2242.75     2846.00     2322.00
1973.12     842.98     2026.00     908.00
4981.29     1694.84     5000.00     2120.00
4214.39     6608.29     4282.00     7373.00
3856.21     4888.27     3872.00     4545.00
3778.11     5921.43     3769.00     6767.00
3728.94     4680.40     3769.00     4545.00
3208.94     972.90     3256.00     1110.00
2173.76     1382.09     2231.00     1716.00
2580.45     3591.23     2744.00     3333.00
4563.56     6907.93     4487.00     6565.00
4312.34     5355.04     4282.00     4545.00
3484.03     1539.74     3564.00     1514.00
4781.39     -140.80     5000.00     100.00
4510.75     6390.91     4487.00     5757.00
4733.95     6746.97     4795.00     5959.00
4928.13     1722.53     5000.00     1716.00
2860.53     944.69     2846.00     908.00
2611.86     3999.41     2436.00     3333.00
3534.30     3101.04     3359.00     2929.00
2731.78     1828.77     2846.00     1716.00
3761.01     748.67     3769.00     908.00
4631.92     563.31     4590.00     504.00
3937.31     1527.58     3872.00     1514.00
4829.45     6899.37     4897.00     5757.00
4080.15     859.04     4077.00     908.00
4990.24     7574.25     4897.00     7575.00
3735.85     5497.63     3667.00     5151.00
4081.57     3832.02     3974.00     3535.00
4217.50     6421.51     4179.00     6565.00
4418.55     7014.40     4487.00     8586.00
4646.96     4373.81     4590.00     3939.00
2980.70     2745.47     3154.00     3131.00
3636.04     3140.06     3564.00     3131.00
3977.95     5848.67     3872.00     5757.00
2728.07     -127.62     2744.00     100.00
4623.09     3469.58     4590.00     3333.00
3408.34     3288.69     3462.00     3535.00
4587.24     2917.29     4590.00     2929.00
4849.58     6042.05     4897.00     5151.00
4588.84     7353.94     4692.00     8586.00
3945.53     5952.49     3769.00     6161.00
4004.38     6359.72     4179.00     7778.00
1747.99     1065.28     1718.00     1514.00
4053.22     5996.09     3974.00     5555.00
4514.51     1291.96     4487.00     1514.00
3609.87     5317.95     3564.00     5151.00
4101.39     3382.77     4179.00     3333.00
4423.73     1101.10     4487.00     1110.00
2637.96     2214.47     2641.00     2322.00
4319.96     1853.56     4385.00     1918.00
4595.82     7281.46     4692.00     8384.00
2508.50     2481.96     2744.00     2929.00
3815.72     5995.76     3769.00     6565.00
4480.07     363.34     4487.00     302.00
1801.99     967.01     2026.00     1716.00
4024.34     6269.89     4077.00     7373.00
2186.26     807.34     2231.00     706.00
4281.37     1565.04     4282.00     1716.00
4312.66     5997.47     4282.00     5555.00
2501.45     502.29     2538.00     504.00
3348.60     4796.23     3359.00     4343.00
4944.60     1010.72     4897.00     908.00
4415.33     6672.27     4385.00     6161.00
