4838.02     6150.58     4897.00     6363.00
4676.11     2283.79     4692.00     2322.00
4685.43     3724.18     4692.00     3737.00
4579.28     4123.36     4590.00     4141.00
4923.63     5218.33     4897.00     4949.00
3784.25     4925.65     3872.00     4949.00
3826.38     258.39     3872.00     302.00
1356.22     89.04     1410.00     100.00
4265.77     1277.21     4282.00     1312.00
1599.79     672.87     1615.00     706.00
3665.80     1914.12     3667.00     1918.00
3339.30     4048.21     3359.00     4141.00
4591.50     8059.81     4692.00     9192.00
4853.80     5387.43     4795.00     5151.00
4422.34     4394.89     4385.00     4343.00
4760.82     5501.40     4692.00     5353.00
4578.43     3733.36     4590.00     3737.00
4581.46     2474.57     4590.00     2524.00
4251.68     1964.45     4282.00     1918.00
4600.35     7295.81     4692.00     7373.00
3516.35     4143.41     3667.00     4343.00
3034.99     2445.73     3051.00     2524.00
2670.81     845.96     2641.00     908.00
1893.42     1898.34     1821.00     1918.00
3609.19     3072.74     3667.00     3131.00
2205.81     1696.40     2231.00     1716.00
3855.48     2503.62     3872.00     2524.00
3266.46     1090.68     3256.00     1110.00
2096.30     302.51     2128.00     302.00
4366.11     1957.59     4385.00     1918.00
4889.81     7089.84     4897.00     6969.00
4841.17     3225.50     4897.00     3333.00
5007.82     8033.00     4897.00     7778.00
3240.37     40.02     3256.00     100.00
2467.26     3242.24     2538.00     3333.00
4883.27     3827.69     4795.00     3737.00
4866.18     9039.69     5000.00     9798.00
4103.77     7563.90     4077.00     7575.00
2638.31     2607.06     2641.00     2727.00
4477.51     3481.51     4487.00     3535.00
4354.33     7600.22     4385.00     7778.00
4876.30     111.37     4795.00     100.00
3220.59     4335.77     3256.00     4141.00
5024.32     3541.42     5000.00     3535.00
3992.65     5676.81     3974.00     5757.00
3849.51     1707.29     3872.00     1716.00
4750.18     4296.16     4795.00     4343.00
2421.01     2291.45     2436.00     2322.00
4767.50     1495.43     4795.00     1514.00
4940.91     2914.18     5000.00     2929.00
3976.44     6551.32     3872.00     6161.00
4785.67     2424.25     4795.00     2524.00
4309.20     7103.18     4282.00     6565.00
4463.12     6648.39     4487.00     6363.00
2759.43     858.17     2744.00     908.00
3247.48     862.96     3256.00     908.00
1296.45     252.52     1308.00     302.00
5012.47     1957.83     5000.00     1918.00
3351.25     268.09     3359.00     302.00
4460.28     3914.04     4487.00     3939.00
3834.14     3644.01     3872.00     3737.00
4011.26     5094.26     3974.00     4949.00
4553.17     8324.78     4590.00     8586.00
3953.92     5490.27     3974.00     5353.00
3907.48     4054.53     3974.00     4141.00
1692.33     674.13     1718.00     706.00
5034.99     879.57     5000.00     908.00
3140.56     2074.94     3154.00     2120.00
4612.27     8199.41     4590.00     8182.00
3850.19     5346.33     3872.00     5353.00
2316.14     304.29     2333.00     302.00
2836.03     1314.25     2846.00     1312.00
4442.85     7023.99     4487.00     6969.00
3455.69     2301.63     3462.00     2322.00
2856.82     4072.60     2846.00     3939.00
4725.53     7094.95     4795.00     7171.00
3380.58     3834.57     3359.00     3737.00
4767.88     5407.98     4692.00     5151.00
4617.31     8025.09     4692.00     8384.00
4380.65     2121.27     4385.00     2120.00
4495.54     275.79     4487.00     302.00
2865.00     3110.41     2846.00     3131.00
1334.29     447.66     1308.00     504.00
3946.86     6636.89     4077.00     7171.00
2928.73     3430.58     2949.00     3333.00
3706.22     2648.36     3769.00     2727.00
4030.70     3136.88     3974.00     3131.00
4854.37     9098.78     4897.00     9596.00
2917.54     2460.16     2949.00     2524.00
4602.79     257.06     4590.00     302.00
4062.23     7212.54     4179.00     7778.00
3148.99     2295.67     3154.00     2322.00
3446.35     1710.26     3462.00     1716.00
4883.41     4730.06     5000.00     4747.00
2625.84     2104.23     2641.00     2120.00
3797.16     5893.09     3769.00     5757.00
3727.24     3675.77     3769.00     3737.00
1892.40     306.65     1923.00     302.00
3366.96     3322.99     3359.00     3333.00
1415.23     454.75     1410.00     504.00
3877.15     5035.83     3872.00     5151.00
4176.25     2294.28     4179.00     2322.00
1574.00     66.31     1615.00     100.00
4544.73     3439.27     4590.00     3535.00
4369.72     1266.25     4385.00     1312.00
3545.07     2075.39     3564.00     2120.00
2620.86     3901.92     2641.00     3737.00
4673.50     2673.42     4692.00     2727.00
3966.60     1924.33     3974.00     1918.00
4380.88     887.52     4385.00     908.00
4848.30     7892.78     4795.00     7778.00
4583.90     2125.76     4590.00     2120.00
4576.91     4572.22     4795.00     4747.00
4174.29     4718.32     4179.00     4747.00
2724.53     3981.65     2744.00     3939.00
4688.51     8306.63     4692.00     8788.00
3383.98     4300.49     3462.00     4343.00
3964.88     2513.93     3974.00     2524.00
4792.90     7795.92     4692.00     6969.00
4947.68     1272.89     5000.00     1312.00
4768.49     2673.22     4795.00     2727.00
4683.12     2442.36     4692.00     2524.00
5101.74     4613.13     5000.00     4545.00
5008.69     2344.13     5000.00     2322.00
2514.56     481.43     2538.00     504.00
2354.17     2818.05     2436.00     2929.00
4491.61     5714.56     4590.00     5959.00
4246.10     5581.85     4179.00     5555.00
4361.79     3033.83     4385.00     3131.00
3929.51     6692.83     3769.00     6161.00
3340.80     2455.21     3359.00     2524.00
3881.66     6563.04     3974.00     6969.00
3729.22     4343.03     3769.00     4343.00
2574.39     3190.30     2641.00     3333.00
2202.60     2772.33     2333.00     2727.00
4690.30     8301.27     4692.00     8990.00
3886.43     868.07     3872.00     908.00
3240.11     5253.18     3256.00     5353.00
2913.39     3680.61     2846.00     3535.00
4338.12     7821.82     4282.00     8182.00
3501.74     3062.48     3564.00     3131.00
3682.77     858.84     3667.00     908.00
3975.93     2848.81     3974.00     2929.00
4821.82     8784.53     4897.00     9394.00
4399.22     6228.63     4385.00     5959.00
2545.06     2141.80     2538.00     2120.00
4826.50     8180.54     4897.00     8586.00
4575.61     1074.49     4590.00     1110.00
3260.10     2682.01     3256.00     2727.00
3553.10     281.39     3564.00     302.00
3376.38     3123.55     3359.00     3131.00
4804.28     2134.09     4795.00     2120.00
4362.47     1502.51     4385.00     1514.00
3862.09     1489.05     3872.00     1514.00
3562.76     3313.39     3564.00     3333.00
4057.04     2708.44     4077.00     2727.00
4675.66     8159.92     4795.00     9394.00
2304.21     1915.55     2333.00     1918.00
1117.42     431.76     1000.00     100.00
2552.51     3123.46     2641.00     3131.00
2857.31     307.25     2846.00     302.00
2451.82     2488.41     2436.00     2524.00
4860.29     8181.33     5000.00     8586.00
5068.41     8945.88     5000.00     7980.00
3662.57     686.50     3667.00     706.00
4461.32     1728.31     4487.00     1716.00
4745.66     3073.70     4795.00     3131.00
4370.77     263.18     4385.00     302.00
1872.33     1653.02     1923.00     1716.00
3566.46     488.88     3564.00     504.00
4916.33     8041.83     4897.00     8384.00
3352.90     682.88     3359.00     706.00
4904.58     1088.15     4897.00     1110.00
4633.54     7329.68     4692.00     7171.00
2440.65     1306.54     2436.00     1312.00
3612.99     5892.64     3667.00     5959.00
3361.32     4617.71     3359.00     4343.00
4823.34     7286.34     4795.00     6969.00
3849.25     6994.87     3769.00     6565.00
3065.14     4390.18     3051.00     4141.00
3906.61     3546.33     3872.00     3535.00
3538.14     3576.84     3462.00     3535.00
4779.21     90.40     4692.00     100.00
3744.54     6311.99     3769.00     6363.00
4158.46     1948.05     4179.00     1918.00
2322.19     1705.07     2333.00     1716.00
4708.92     5080.38     4692.00     4949.00
4671.14     1513.39     4692.00     1514.00
4405.97     65.10     4385.00     100.00
4921.66     8535.14     4897.00     8990.00
2032.45     1105.55     2026.00     1110.00
4259.08     461.58     4282.00     504.00
3546.38     6194.29     3462.00     5959.00
2741.89     1319.41     2744.00     1312.00
3075.84     3124.49     3051.00     3131.00
3452.49     685.15     3462.00     706.00
4729.53     6241.54     4795.00     6363.00
3326.11     5435.49     3256.00     5555.00
4683.56     676.77     4692.00     706.00
2232.25     1306.11     2231.00     1312.00
