3796.78     1331.61     3769.00     1312.00
3296.84     1108.10     3359.00     1312.00
2916.92     819.91     2949.00     908.00
4159.62     6334.18     4179.00     5959.00
4535.48     7405.34     4385.00     6767.00
3047.77     2193.96     3051.00     2120.00
3959.99     6479.09     4077.00     7171.00
3446.53     1443.52     3462.00     1514.00
4828.53     6115.45     4795.00     5959.00
1667.80     1154.74     1615.00     1110.00
2600.34     4278.23     2436.00     3535.00
2160.42     2219.18     2128.00     2322.00
3513.20     3964.68     3667.00     4343.00
4224.47     4535.58     4282.00     4747.00
4404.99     239.37     4385.00     302.00
1594.28     1153.27     1615.00     1312.00
4489.35     7629.35     4487.00     7575.00
4635.48     762.32     4487.00     504.00
4771.28     3170.10     4795.00     3131.00
4640.43     7726.35     4487.00     7373.00
2195.63     1972.97     2026.00     2120.00
4897.03     6517.22     4795.00     6161.00
4667.35     7637.07     4487.00     7171.00
1260.80     272.58     1308.00     504.00
3488.00     1102.57     3564.00     1312.00
4191.55     6915.10     4077.00     6363.00
2787.98     4178.06     2744.00     3939.00
2378.73     2342.90     2333.00     2524.00
4433.97     5081.41     4282.00     4949.00
4770.87     7791.97     5000.00     7778.00
3237.25     5192.01     3051.00     4949.00
3095.91     4646.86     3154.00     4747.00
2777.38     4416.94     2641.00     4141.00
3423.74     5298.22     3462.00     5757.00
3863.10     3227.77     3974.00     3333.00
4710.62     8215.76     5000.00     9394.00
3102.32     1934.33     3051.00     1918.00
4762.32     5507.90     5000.00     5353.00
3016.67     490.66     3051.00     504.00
3278.24     4563.75     3359.00     4747.00
4264.47     3183.21     4282.00     3333.00
2509.84     1720.81     2538.00     1716.00
3973.12     1597.20     4077.00     1716.00
4453.37     7210.66     4487.00     6969.00
3932.28     5979.07     3974.00     5959.00
1963.17     1398.57     2026.00     1514.00
3805.02     6204.59     3769.00     6363.00
4730.15     8185.19     5000.00     9192.00
4594.04     4971.16     4487.00     4747.00
3177.46     4316.89     3256.00     4141.00
1662.53     444.18     1821.00     706.00
3262.95     1399.69     3256.00     1514.00
4542.27     7825.37     4487.00     8384.00
3960.82     5669.25     4077.00     5555.00
4784.59     8185.28     4795.00     8586.00
4169.53     4743.56     4077.00     4747.00
4341.65     5216.69     4179.00     4949.00
4736.91     8265.48     4897.00     9596.00
3765.47     1035.04     3769.00     1110.00
1375.57     89.12     1513.00     100.00
2571.11     2764.19     2641.00     2929.00
4739.28     4690.68     4692.00     4545.00
4850.61     5754.96     5000.00     5757.00
3658.46     1818.45     3667.00     1716.00
3354.22     1393.08     3359.00     1514.00
4365.09     4548.01     4385.00     4545.00
3767.68     552.59     3769.00     504.00
2996.42     4868.13     2949.00     4747.00
3040.82     36.51     3051.00     100.00
2180.35     1075.11     2231.00     1110.00
2390.96     1060.47     2436.00     1110.00
4892.54     216.21     5000.00     302.00
2739.62     3169.96     2949.00     3333.00
3140.16     2549.32     3051.00     2524.00
4391.92     2160.28     4385.00     2322.00
4889.54     3707.23     5000.00     3737.00
3679.32     6008.03     3564.00     6363.00
2036.29     1045.42     2026.00     1110.00
2521.95     3057.96     2641.00     3333.00
2234.07     226.58     2333.00     302.00
4502.58     7520.60     4487.00     7980.00
4677.30     7875.06     4590.00     7778.00
4816.38     2859.84     4795.00     2727.00
3568.09     2115.27     3564.00     2120.00
4649.43     7969.00     4692.00     8586.00
4481.19     5009.60     4385.00     4949.00
3821.48     4127.74     3872.00     4343.00
4729.33     8050.15     5000.00     8586.00
3583.92     644.33     3564.00     504.00
4241.00     7213.82     4179.00     7373.00
4594.38     7615.47     4590.00     7980.00
4204.89     116.35     4077.00     100.00
4815.98     555.32     4795.00     504.00
2235.81     3065.60     2231.00     2727.00
4811.27     8229.68     4897.00     9192.00
3322.27     540.33     3359.00     504.00
3022.40     4536.63     2949.00     4343.00
4472.78     1200.18     4487.00     1312.00
2346.57     3480.39     2128.00     2727.00
4042.28     1003.38     3974.00     908.00
4067.11     6721.82     3974.00     6363.00
3694.53     5789.55     3769.00     5959.00
4705.30     5237.77     5000.00     5151.00
3889.43     6310.91     3974.00     6767.00
4713.47     2322.83     4692.00     2322.00
3946.59     3109.31     3974.00     3131.00
3158.68     717.21     3154.00     706.00
4150.64     5572.68     4179.00     5151.00
4764.77     8138.43     4897.00     8586.00
3408.08     3380.33     3256.00     3131.00
4496.44     5940.81     4487.00     5757.00
3673.65     5584.83     3564.00     5151.00
2521.47     797.86     2538.00     908.00
2217.37     478.80     2333.00     504.00
3704.61     586.45     3667.00     504.00
4712.62     7121.59     4692.00     6565.00
4488.96     2172.07     4487.00     2322.00
3809.24     2214.63     3769.00     2322.00
2172.92     1571.80     2231.00     1514.00
4029.62     5727.39     4077.00     5353.00
2538.56     2364.75     2641.00     2524.00
2253.31     2046.06     1821.00     1918.00
2451.55     75.99     2333.00     100.00
4748.70     5189.98     4692.00     4949.00
2114.24     632.21     2231.00     706.00
4716.60     4031.97     4897.00     4141.00
4509.27     622.13     4385.00     504.00
4386.54     3874.63     4487.00     3939.00
3580.48     2528.17     3564.00     2524.00
4865.55     7532.77     4897.00     6565.00
4925.13     4149.06     5000.00     4343.00
3403.29     3407.86     3359.00     3131.00
3276.64     4531.35     3256.00     4545.00
4714.11     2927.52     4692.00     2727.00
1515.24     229.30     1615.00     302.00
4850.97     7545.89     4897.00     6969.00
2540.80     655.45     2538.00     706.00
3563.68     769.74     3564.00     706.00
1776.44     1334.99     1821.00     1514.00
1649.12     -3.41     1821.00     504.00
3318.43     3904.09     3359.00     4141.00
4928.37     1423.50     5000.00     1312.00
4417.34     4192.23     4385.00     3939.00
3821.36     5987.35     3769.00     5757.00
2956.72     170.82     2949.00     302.00
1921.93     209.62     2026.00     504.00
3868.61     4207.37     4077.00     4343.00
4675.42     1181.74     4692.00     1110.00
3046.91     701.01     3051.00     706.00
4141.45     2984.33     4179.00     2929.00
1391.62     240.31     1513.00     302.00
3893.99     5733.33     3872.00     5353.00
3410.77     3446.87     3462.00     3737.00
4927.26     2547.50     4897.00     2524.00
3820.88     3017.69     3872.00     3131.00
1847.47     1420.58     1615.00     1514.00
4685.42     5562.28     4590.00     5353.00
4639.65     4729.10     4590.00     4545.00
1532.65     37.13     1718.00     504.00
4829.91     3769.76     4795.00     3737.00
3083.65     3010.58     2949.00     2929.00
4069.59     6837.61     4179.00     7778.00
4654.97     2787.66     4590.00     2727.00
4033.19     3078.02     4179.00     3333.00
2247.47     1716.17     2333.00     1716.00
3870.03     6334.97     3872.00     6565.00
4311.52     814.60     4282.00     706.00
4315.30     7267.91     4282.00     7373.00
3766.59     5781.61     3769.00     5555.00
3392.27     1144.02     3359.00     1110.00
4261.08     1619.60     4282.00     1716.00
2164.52     1774.32     1821.00     1716.00
4988.79     789.47     5000.00     908.00
4783.76     7356.37     4692.00     6767.00
4554.94     5334.95     4487.00     5151.00
3789.50     3387.42     3769.00     3333.00
4040.50     5244.08     4077.00     4949.00
3260.31     324.66     3256.00     302.00
2113.93     1625.35     2231.00     1716.00
2786.81     -146.97     2744.00     100.00
4175.02     6215.13     4179.00     5757.00
2628.58     832.69     2641.00     908.00
4839.67     8217.67     4795.00     8182.00
4278.68     909.56     4179.00     706.00
4812.15     6356.85     5000.00     6363.00
4214.29     6300.11     4282.00     6161.00
2410.91     1728.26     2436.00     1716.00
1244.77     385.75     1205.00     504.00
3321.79     4739.36     3256.00     4343.00
2144.42     2579.43     2231.00     2524.00
3990.89     3782.92     3974.00     3737.00
2300.01     2924.58     1821.00     2120.00
3275.74     4983.45     3256.00     5151.00
4556.27     1236.41     4590.00     1312.00
1678.36     781.69     1718.00     908.00
3071.81     1498.89     3051.00     1514.00
4158.40     2722.17     4179.00     2727.00
4129.93     4074.92     4077.00     3939.00
2827.13     1158.21     2846.00     1110.00
4755.76     6967.75     4795.00     6363.00
