4034.51     7046.37     3872.00     6363.00
4499.09     2901.62     4487.00     2929.00
4597.57     3774.90     4487.00     3535.00
4338.55     4166.99     4282.00     4141.00
3548.18     4123.20     3564.00     4141.00
4251.29     7337.01     4282.00     7778.00
3944.09     4810.03     4179.00     5151.00
3973.97     4803.37     3872.00     4747.00
4689.61     682.04     4795.00     706.00
2258.49     2411.41     2436.00     2727.00
4588.48     136.73     4692.00     302.00
2101.65     71.41     2128.00     100.00
4125.88     6542.82     4179.00     7171.00
4993.01     4604.17     5000.00     4545.00
4665.01     7273.19     4897.00     7171.00
4949.47     8850.68     4795.00     8788.00
3217.65     931.82     3154.00     908.00
4698.75     5398.40     4795.00     5555.00
4665.29     8079.79     4487.00     7778.00
3478.43     3500.70     3256.00     3333.00
4143.92     4721.65     3974.00     4747.00
2697.01     2975.81     2641.00     2929.00
3543.22     2399.15     3462.00     2322.00
3935.30     294.38     3974.00     302.00
2828.50     1424.70     2846.00     1514.00
2923.95     1900.89     2949.00     1918.00
2036.23     2090.64     2231.00     2322.00
4673.69     7324.70     5000.00     7171.00
4598.84     8060.54     4795.00     9394.00
4898.31     8419.90     4897.00     8990.00
3413.83     3221.88     3359.00     3131.00
2418.07     3335.57     2436.00     3333.00
4154.03     4073.91     4179.00     4141.00
3895.43     1887.67     3872.00     1918.00
3466.05     2077.19     3462.00     2120.00
2878.62     3720.32     2744.00     3535.00
4197.98     1149.07     4385.00     1312.00
4369.91     4734.60     4077.00     4343.00
4749.31     8160.36     4795.00     9192.00
1897.80     1697.00     1923.00     1716.00
3180.49     5043.54     3256.00     5151.00
2274.94     1337.20     2231.00     1312.00
3215.08     1878.20     3256.00     1918.00
5028.28     4914.83     5000.00     4747.00
3085.17     4809.79     3154.00     4747.00
3078.01     290.20     3154.00     302.00
4971.14     4469.27     4897.00     4343.00
4708.99     459.55     4179.00     100.00
3572.49     3166.20     3667.00     3333.00
4676.05     5628.23     4692.00     5555.00
3991.75     1415.16     4077.00     1514.00
4530.55     4640.92     4795.00     4747.00
2966.36     2261.26     3051.00     2322.00
3984.54     2973.32     4077.00     3131.00
1696.57     175.23     1615.00     100.00
1307.01     1185.47     1615.00     1514.00
4071.46     3214.85     4179.00     3333.00
1411.67     267.16     1410.00     100.00
2670.51     3496.12     2846.00     3737.00
4750.61     2235.15     4692.00     2120.00
3436.81     5378.16     3154.00     4141.00
1650.31     519.99     1923.00     706.00
3975.02     3321.78     3974.00     3333.00
2873.36     1254.50     2846.00     1312.00
4410.61     888.62     4179.00     706.00
4348.83     2253.24     4385.00     2322.00
4584.77     5016.53     4282.00     4545.00
4793.68     2180.20     4795.00     2120.00
1872.40     1403.99     2026.00     1514.00
3932.48     3448.89     3974.00     3535.00
2331.17     268.77     2333.00     302.00
3914.16     770.45     3872.00     706.00
4080.43     5550.00     4077.00     5555.00
4390.25     3695.63     4487.00     3737.00
3333.87     3566.26     3154.00     3333.00
3041.85     2598.36     3154.00     2727.00
4266.03     2536.42     4282.00     2524.00
1674.46     1648.44     1718.00     1716.00
3933.48     5165.44     4077.00     5353.00
3299.24     910.79     3256.00     908.00
4252.23     7183.24     4282.00     7980.00
1722.43     516.22     2026.00     706.00
3014.46     4929.21     3051.00     5151.00
1958.28     883.83     2026.00     908.00
3354.54     3242.51     3256.00     3131.00
4216.60     4589.41     3974.00     4545.00
4882.73     9185.80     5000.00     9596.00
4662.59     7375.30     4385.00     6767.00
4340.56     6137.90     4487.00     6161.00
3390.50     5467.24     3256.00     4949.00
3379.51     4578.81     3462.00     4545.00
3706.64     5765.28     3667.00     5757.00
3602.67     5816.97     3872.00     6565.00
2884.30     3058.10     2846.00     3131.00
4574.59     4333.12     4590.00     4343.00
3700.28     2769.73     3667.00     2727.00
4671.56     8414.16     4487.00     8384.00
1810.40     2493.44     2128.00     2524.00
2031.42     60.30     2026.00     100.00
4717.34     3367.20     4692.00     3333.00
4243.71     6799.62     4385.00     7171.00
3385.81     4063.54     3359.00     4141.00
4723.16     6615.24     4897.00     6767.00
3092.52     1250.85     3051.00     1312.00
4123.62     6367.52     4179.00     6969.00
4310.12     929.88     4282.00     908.00
4092.57     5837.18     3974.00     5757.00
5013.42     1791.48     5000.00     1716.00
2622.46     1650.86     2641.00     1716.00
4920.57     2947.79     4897.00     2929.00
3782.31     419.26     3974.00     504.00
4697.55     2717.74     4692.00     2727.00
4829.57     7354.47     5000.00     6969.00
4443.13     1163.78     4692.00     1312.00
2067.01     2072.72     2128.00     2120.00
3644.00     1869.34     3667.00     1918.00
2789.20     776.36     2744.00     706.00
4384.83     4907.10     5000.00     5555.00
3934.80     1632.44     3974.00     1716.00
3281.14     3728.00     3154.00     3737.00
4893.38     7957.17     4795.00     7373.00
3473.67     353.38     3667.00     504.00
4540.49     7013.16     4385.00     6565.00
2985.10     2058.76     3051.00     2120.00
2838.53     2246.00     2949.00     2322.00
3905.39     6473.61     3974.00     6767.00
4028.13     4035.31     4077.00     4141.00
3867.62     4805.36     3667.00     4545.00
4619.69     2139.42     4795.00     2322.00
4576.49     7151.95     4590.00     6969.00
4205.18     7356.21     4077.00     7373.00
4839.03     8062.05     4692.00     7980.00
3092.82     3093.22     3051.00     3131.00
5109.42     9217.72     5000.00     8990.00
4101.36     817.75     3974.00     706.00
1790.04     826.01     1923.00     908.00
2081.97     2531.16     2333.00     2929.00
2906.84     2578.43     2846.00     2524.00
1595.06     483.25     1615.00     504.00
2127.61     2018.05     2026.00     1918.00
1636.57     781.37     1821.00     908.00
3020.42     4599.42     2949.00     4343.00
4341.38     7211.98     4385.00     8182.00
3159.86     1048.78     3154.00     1110.00
5085.43     8669.56     4795.00     7575.00
4795.88     2236.22     4897.00     2322.00
5121.46     248.45     4692.00     100.00
2966.31     3595.08     2949.00     3737.00
4658.07     2460.72     4692.00     2524.00
3436.72     3918.41     3256.00     3737.00
4402.07     779.81     4282.00     706.00
2446.75     3924.25     2538.00     3535.00
4248.51     4465.17     5000.00     5353.00
3588.76     1167.38     3667.00     1312.00
4890.91     7813.96     4897.00     7778.00
3654.69     1143.78     3769.00     1312.00
3245.02     1184.88     3256.00     1312.00
4336.78     3291.60     4385.00     3333.00
2097.18     2094.69     1923.00     1918.00
4660.49     6027.17     4795.00     5757.00
4087.66     6728.87     4077.00     6565.00
4556.30     179.47     4590.00     302.00
4121.27     1774.13     4282.00     1918.00
4268.24     2119.67     4282.00     2120.00
4727.57     1900.86     4795.00     1918.00
4297.44     5624.89     4282.00     5757.00
3036.32     4201.88     3154.00     4545.00
4420.48     1750.46     4385.00     1716.00
3255.87     2323.58     3256.00     2322.00
3303.08     1462.02     3256.00     1514.00
3400.00     278.92     3462.00     302.00
4033.49     5035.67     3769.00     4747.00
2328.82     922.13     2333.00     908.00
4780.53     7347.27     5000.00     7778.00
4187.92     7236.16     3769.00     6161.00
3514.06     751.08     3462.00     706.00
3095.64     917.85     3051.00     908.00
3060.67     1929.73     3051.00     1918.00
4421.53     7098.52     4590.00     7373.00
4331.51     7663.31     4282.00     7575.00
3770.80     819.13     3872.00     908.00
3995.12     5554.70     4282.00     6161.00
3810.71     3757.94     3462.00     3535.00
4580.57     495.44     3974.00     100.00
4473.63     7054.63     4692.00     7171.00
2378.30     2729.12     2436.00     2929.00
3470.11     5404.74     3359.00     4949.00
3505.22     1100.39     3462.00     1110.00
4906.52     8229.99     4897.00     7980.00
4719.64     5522.27     4487.00     5353.00
4874.15     8526.44     4897.00     9192.00
4897.68     4057.32     4692.00     3939.00
4210.05     3252.53     4282.00     3333.00
2700.52     4015.64     2744.00     3737.00
2746.42     2070.32     2846.00     2120.00
3792.48     3645.31     3564.00     3535.00
3263.63     270.44     3359.00     302.00
2809.22     1041.50     2846.00     1110.00
4135.28     2516.01     4179.00     2524.00
2158.50     558.87     2128.00     504.00
