2466.45     2364.63     2436.00     2322.00
2809.39     4135.70     2744.00     4141.00
3785.01     322.24     3769.00     302.00
3089.50     4622.23     2949.00     4343.00
4076.12     4002.51     4179.00     4343.00
3393.93     5498.36     3462.00     5555.00
3671.39     740.15     3667.00     706.00
2843.13     308.04     2846.00     302.00
4702.28     6905.49     4590.00     6565.00
1755.28     1197.05     1718.00     1110.00
4121.80     4085.42     4282.00     4343.00
4288.54     1943.33     4282.00     1918.00
3344.99     108.56     3359.00     100.00
3838.15     6439.21     3974.00     7171.00
4495.91     6592.33     4487.00     5959.00
4808.48     98.31     4795.00     100.00
4806.40     486.49     4795.00     504.00
4464.39     6976.18     4487.00     6363.00
4661.99     8130.78     4692.00     8788.00
4279.05     96.21     4282.00     100.00
4796.22     6834.95     4692.00     6565.00
3632.45     5865.90     3667.00     6161.00
2941.16     3013.44     3154.00     3535.00
2523.19     1441.89     2538.00     1514.00
2309.81     262.64     2333.00     302.00
2494.58     846.63     2538.00     908.00
1876.97     921.13     1923.00     908.00
2277.66     2106.72     2333.00     2120.00
3574.60     3595.91     3564.00     3535.00
1970.97     2771.11     1821.00     2120.00
4756.73     6793.50     4692.00     6161.00
3197.24     2491.79     3256.00     2524.00
1519.26     158.45     1513.00     100.00
4796.60     5231.30     4692.00     5151.00
3425.58     4729.87     3462.00     4949.00
3735.42     3628.91     3769.00     3535.00
4497.47     2302.94     4487.00     2322.00
4920.82     1304.24     5000.00     1312.00
3577.57     738.48     3564.00     706.00
2308.34     2602.65     2436.00     2929.00
3474.13     1704.89     3462.00     1716.00
3870.25     4176.21     3872.00     4545.00
4755.83     4312.13     4795.00     4343.00
4776.63     1719.87     4795.00     1716.00
4762.46     7731.57     4692.00     7980.00
3914.13     4751.07     3872.00     4747.00
3003.87     3543.58     2949.00     3535.00
3700.45     4068.49     3769.00     4545.00
5054.96     7781.19     5000.00     6969.00
4071.44     2983.00     4077.00     2929.00
4477.15     1138.04     4487.00     1110.00
4553.86     6228.79     4590.00     5959.00
3864.41     5817.68     3872.00     5353.00
4072.54     2595.47     4077.00     2524.00
4342.25     7430.00     4385.00     7575.00
4457.19     6665.73     4385.00     5959.00
4134.24     4200.27     4179.00     3939.00
4909.27     1526.65     5000.00     1514.00
3717.53     60.69     3769.00     100.00
2516.20     278.53     2538.00     302.00
1571.30     1203.75     1513.00     1312.00
4685.06     4627.28     4692.00     4545.00
4731.95     3945.63     4692.00     3939.00
4252.25     7012.48     4385.00     7171.00
2850.26     168.71     2846.00     100.00
4298.02     7197.67     4385.00     7778.00
2640.72     1464.65     2641.00     1514.00
4804.69     6864.98     4795.00     6565.00
4497.46     714.57     4487.00     706.00
4417.80     538.30     4385.00     504.00
2481.66     2752.48     2641.00     3131.00
4161.95     4255.07     4179.00     4545.00
3174.74     3172.87     3154.00     3333.00
3859.55     5271.20     3872.00     5151.00
3520.67     5466.34     3564.00     5757.00
3443.91     1150.48     3462.00     1110.00
4908.86     2687.08     5000.00     2727.00
1992.27     1938.02     2026.00     1918.00
3753.22     1134.55     3769.00     1110.00
1206.13     355.35     1205.00     504.00
3461.92     1494.70     3462.00     1514.00
2448.58     2601.59     2538.00     2929.00
2629.62     1695.82     2641.00     1716.00
4977.86     7414.55     5000.00     6767.00
4245.57     7209.87     4282.00     7980.00
4227.79     6406.52     4282.00     6161.00
3965.40     737.67     3974.00     706.00
3426.75     90.66     3462.00     100.00
4867.22     2078.87     4897.00     2120.00
3595.34     49.02     3667.00     100.00
2647.47     4319.90     2538.00     3737.00
2317.11     1700.23     2333.00     1716.00
1408.19     188.93     1410.00     100.00
2958.82     720.79     2949.00     706.00
3618.83     5610.87     3667.00     5959.00
4151.28     5395.75     4179.00     5353.00
1673.77     879.53     1718.00     908.00
2229.88     956.86     2231.00     908.00
4267.46     517.96     4282.00     504.00
4825.70     8200.52     4897.00     8182.00
3592.08     5692.75     3564.00     5353.00
4937.16     1098.30     5000.00     1110.00
4215.71     4647.66     4179.00     4747.00
4643.62     7949.86     4692.00     9192.00
4778.86     4542.83     4795.00     4545.00
4841.15     8253.67     4795.00     8182.00
3802.67     1320.18     3769.00     1312.00
4243.38     1308.38     4282.00     1312.00
3720.38     1737.03     3667.00     1716.00
3144.41     140.83     3154.00     100.00
4688.16     7652.41     4692.00     7373.00
3186.56     3063.04     3256.00     3535.00
1701.53     1392.04     1615.00     1514.00
1798.03     1426.85     1718.00     1312.00
4537.68     7689.87     4487.00     7373.00
4024.51     6635.38     3974.00     6565.00
3997.92     6811.31     3974.00     7373.00
3680.81     4199.48     3769.00     4343.00
3345.79     1680.13     3359.00     1716.00
3966.53     5856.28     3974.00     5353.00
3898.88     4014.02     3974.00     4343.00
3076.22     2719.81     3154.00     2727.00
3720.13     5653.14     3769.00     5959.00
4877.42     -40.29     5000.00     100.00
2185.96     2034.97     2231.00     2322.00
2125.90     1163.15     2128.00     1110.00
4425.06     2127.91     4385.00     2120.00
3128.97     4036.35     3051.00     3939.00
4728.15     8479.35     4897.00     9394.00
4411.96     1942.57     4385.00     1918.00
3348.29     2180.14     3359.00     2120.00
3786.58     539.41     3769.00     504.00
3740.01     2126.75     3769.00     2120.00
2119.37     242.36     2128.00     302.00
2743.04     1939.57     2744.00     1918.00
4497.88     319.16     4487.00     302.00
4585.52     104.03     4590.00     100.00
4851.57     7782.33     4897.00     7171.00
4065.65     3738.47     4179.00     3737.00
4405.75     6532.23     4385.00     6161.00
3954.02     3219.73     3974.00     3333.00
4249.87     1490.31     4282.00     1514.00
2731.82     286.96     2744.00     302.00
4357.62     2504.69     4385.00     2524.00
2155.86     3666.38     1923.00     2322.00
4894.13     5433.12     5000.00     5353.00
3305.67     3437.39     3256.00     3131.00
2295.80     698.02     2333.00     706.00
3909.62     6583.32     3872.00     7171.00
3580.70     3636.39     3462.00     3333.00
4836.05     1284.70     4897.00     1312.00
3971.43     5303.85     3974.00     5151.00
2207.30     1519.35     2231.00     1514.00
4711.48     2940.68     4692.00     2929.00
4841.59     1512.38     4897.00     1514.00
4741.58     8254.16     4795.00     8990.00
2160.79     1984.77     2231.00     1918.00
4788.83     722.79     4795.00     706.00
1781.74     696.48     1821.00     706.00
3250.09     901.49     3256.00     908.00
3669.44     5634.25     3564.00     5151.00
1977.09     1808.92     2026.00     1716.00
4848.14     8118.33     5000.00     8586.00
3576.60     5978.92     3462.00     5959.00
4407.88     7349.19     4487.00     7778.00
3862.95     4017.11     3872.00     4141.00
4002.98     3957.24     4077.00     4141.00
4682.05     1717.77     4692.00     1716.00
2655.42     2736.18     2641.00     2524.00
3466.70     2902.79     3462.00     2929.00
3645.42     2707.44     3667.00     2727.00
3247.44     1295.16     3256.00     1312.00
4381.06     1508.24     4385.00     1514.00
3028.36     1114.44     3051.00     1110.00
2296.41     471.92     2333.00     504.00
2970.35     1732.13     2949.00     1716.00
4210.74     2353.93     4179.00     2322.00
3328.82     1122.68     3359.00     1110.00
4815.95     5490.33     4692.00     5353.00
2946.77     332.01     2949.00     302.00
4350.49     5473.08     4282.00     5151.00
3822.96     5710.38     3769.00     5757.00
2301.81     1288.89     2333.00     1312.00
4872.56     5592.84     4795.00     5353.00
3776.12     748.90     3769.00     706.00
4377.23     306.55     4385.00     302.00
2817.22     4247.44     2846.00     4343.00
4162.06     6968.71     4077.00     6363.00
3929.81     3947.94     3974.00     3737.00
4594.73     5633.71     4590.00     5555.00
3482.85     4308.17     3462.00     4343.00
3593.37     5584.99     3462.00     5151.00
3829.96     2554.93     3872.00     2524.00
3015.41     2101.04     3051.00     2120.00
2101.45     1783.45     2128.00     1716.00
4275.41     3316.06     4282.00     3333.00
3846.28     2781.48     3872.00     2727.00
4246.23     1110.63     4282.00     1110.00
5001.69     8090.03     4897.00     7778.00
4246.01     7273.19     4282.00     7373.00
