4532.91     7892.88     4487.00     7575.00
1723.63     1136.61     1718.00     1110.00
4730.86     8294.08     4692.00     8990.00
3902.84     284.81     3872.00     302.00
3649.70     6325.13     3667.00     6565.00
3748.90     4259.21     3769.00     4343.00
3771.26     19.17     3769.00     100.00
4807.23     8449.60     4795.00     8788.00
4787.75     1077.13     4795.00     1110.00
3933.66     4509.97     3872.00     4545.00
4673.74     8322.10     4692.00     8788.00
3018.72     2105.28     3051.00     2120.00
3380.20     3763.53     3462.00     3939.00
4278.12     858.29     4282.00     908.00
4410.99     6467.47     4487.00     6161.00
4588.06     899.32     4590.00     908.00
5005.29     4379.34     5000.00     4545.00
3834.02     3919.74     3872.00     3939.00
4923.77     8374.15     4897.00     8384.00
2220.02     1486.30     2231.00     1514.00
4941.58     7740.38     4897.00     7373.00
3224.84     4465.96     3359.00     4747.00
4068.13     2095.56     4077.00     2120.00
4360.02     7765.59     4282.00     8182.00
3680.32     673.39     3667.00     706.00
2784.53     1663.98     2846.00     1716.00
1285.64     407.36     1308.00     504.00
3521.36     3770.02     3462.00     3535.00
3332.13     5844.12     3359.00     5757.00
4286.49     72.07     4282.00     100.00
3718.60     2488.11     3769.00     2524.00
3438.35     3009.99     3462.00     3131.00
3980.24     879.95     3974.00     908.00
4542.90     2511.71     4590.00     2524.00
1916.32     452.93     1923.00     504.00
4495.68     4540.96     4487.00     4343.00
3832.26     3103.61     3872.00     3131.00
4042.32     3321.50     4077.00     3333.00
3953.26     5667.56     3872.00     5959.00
4214.10     3775.22     4282.00     3939.00
4343.60     5575.96     4282.00     5555.00
4665.60     5790.27     4692.00     5959.00
3588.10     6215.75     3462.00     6161.00
4904.86     8026.04     5000.00     8586.00
2615.47     2618.45     2641.00     2524.00
3539.85     3858.15     3564.00     3939.00
2859.73     98.20     2846.00     100.00
1709.33     422.75     1718.00     504.00
4879.08     5021.19     5000.00     5151.00
2758.09     2568.98     2744.00     2524.00
4904.58     9086.67     5000.00     9798.00
4978.82     895.31     5000.00     908.00
3780.99     873.12     3769.00     908.00
4738.68     2697.66     4795.00     2727.00
2965.75     464.52     2949.00     504.00
1866.80     1609.12     1718.00     1514.00
2490.04     2342.81     2436.00     2322.00
4063.53     6356.94     3974.00     6161.00
4934.09     9018.73     5000.00     9394.00
4062.49     6670.52     3974.00     6363.00
1901.91     890.91     1923.00     908.00
2006.04     261.80     2026.00     302.00
3970.43     3134.72     3974.00     3131.00
4807.02     6310.35     4795.00     6363.00
4964.00     4278.69     5000.00     4141.00
3385.28     5774.61     3359.00     5555.00
4569.50     4595.92     4692.00     4747.00
2085.44     3040.66     2128.00     2524.00
4825.84     2909.29     4897.00     2929.00
4943.29     7879.99     4795.00     7373.00
2913.34     4972.00     2949.00     4747.00
4594.17     1095.03     4590.00     1110.00
2985.83     3266.21     3051.00     3535.00
3060.02     3542.45     3051.00     3737.00
4134.82     5890.15     4077.00     5959.00
2882.64     3941.90     2846.00     4141.00
3691.52     2697.51     3769.00     2727.00
3223.04     2342.31     3256.00     2322.00
3570.87     1088.89     3564.00     1110.00
2234.30     872.26     2231.00     908.00
4529.01     7052.37     4385.00     6767.00
2738.40     2805.30     2744.00     2929.00
2616.91     2061.85     2641.00     2120.00
4622.31     4551.81     4590.00     4545.00
4083.95     459.00     4077.00     504.00
2442.31     1311.74     2436.00     1312.00
3337.73     1510.53     3359.00     1514.00
4503.87     6895.80     4487.00     6363.00
3935.19     6565.98     3974.00     6767.00
3571.00     4156.86     3667.00     4343.00
3126.24     5044.54     3051.00     5151.00
2964.34     116.61     2949.00     100.00
2590.17     2296.51     2538.00     2322.00
4336.28     4929.68     4282.00     4949.00
2936.21     2060.54     2949.00     2120.00
4579.50     7460.14     4590.00     7980.00
1775.34     1383.68     1718.00     1312.00
4596.10     103.44     4590.00     100.00
4152.50     5712.92     4077.00     5555.00
3120.43     1500.07     3154.00     1514.00
4950.87     5716.69     5000.00     5757.00
4880.92     6867.94     5000.00     6767.00
4306.07     7054.68     4179.00     6363.00
4719.08     7285.17     4795.00     7171.00
3467.77     862.31     3462.00     908.00
4753.75     1883.69     4795.00     1918.00
2854.34     1131.92     2846.00     1110.00
3987.55     1910.30     3974.00     1918.00
4479.60     4996.79     4487.00     5151.00
2404.13     2552.82     2436.00     2929.00
4800.88     3292.26     4897.00     3333.00
3220.79     1695.38     3256.00     1716.00
4445.51     2498.26     4487.00     2524.00
3267.13     78.92     3256.00     100.00
4797.54     476.48     4795.00     504.00
4081.69     1692.27     4077.00     1716.00
4245.43     3333.28     4282.00     3333.00
4839.11     7231.72     4897.00     6969.00
4743.67     6454.08     4692.00     6565.00
4350.87     2295.13     4385.00     2322.00
4386.86     4547.27     4385.00     4545.00
2010.57     867.36     2026.00     908.00
4383.38     7097.33     4282.00     6565.00
2891.68     3869.64     2846.00     3939.00
3233.71     2825.80     3256.00     2929.00
2793.27     2474.90     2846.00     2524.00
3993.00     6378.31     4077.00     6969.00
4730.93     3651.61     4795.00     3737.00
4360.84     4825.33     4385.00     4949.00
3095.82     2519.56     3154.00     2524.00
2565.54     2061.57     2538.00     2120.00
2950.49     699.56     2949.00     706.00
4801.56     5674.69     4692.00     5555.00
1351.78     644.21     1308.00     706.00
4666.40     8115.44     4590.00     8182.00
4548.72     6068.15     4590.00     5959.00
2555.20     40.78     2538.00     100.00
3306.04     5021.90     3256.00     4949.00
4941.02     6006.45     5000.00     6363.00
2224.85     267.82     2231.00     302.00
3124.85     1686.66     3154.00     1716.00
3180.38     2509.98     3256.00     2524.00
4895.96     7759.47     4897.00     7171.00
4048.05     5310.55     4077.00     5353.00
3681.79     1307.73     3667.00     1312.00
3027.80     1488.53     3051.00     1514.00
4536.11     2681.28     4590.00     2727.00
2524.54     1116.82     2538.00     1110.00
4012.66     6517.46     4077.00     7171.00
3923.00     4852.51     3974.00     5151.00
3284.44     3569.22     3256.00     3535.00
4633.60     8346.41     4692.00     9192.00
4234.88     2463.93     4282.00     2524.00
5075.90     4779.57     5000.00     4747.00
4967.05     27.58     5000.00     100.00
4819.62     111.84     4795.00     100.00
4177.08     3498.08     4179.00     3535.00
3634.32     2299.45     3667.00     2322.00
4086.89     1083.68     4077.00     1110.00
4029.63     3135.02     4077.00     3131.00
4487.48     6351.33     4487.00     5959.00
3904.39     4300.38     3872.00     4343.00
2503.88     1308.89     2538.00     1312.00
4497.21     478.36     4487.00     504.00
3779.32     1301.87     3769.00     1312.00
4991.40     5982.63     5000.00     6161.00
2731.86     4081.96     2641.00     3939.00
4269.46     4988.29     4179.00     4949.00
4665.42     1878.36     4692.00     1918.00
2451.31     3149.49     2538.00     3333.00
4185.68     1690.05     4179.00     1716.00
4108.09     2911.33     4179.00     2929.00
4886.96     8676.46     4897.00     9192.00
2885.06     4357.31     2949.00     4545.00
3408.03     5475.16     3359.00     5353.00
1082.10     279.23     1000.00     100.00
3560.95     4876.82     3564.00     4545.00
3798.70     267.73     3769.00     302.00
4449.39     7880.41     4385.00     7575.00
2230.07     1303.15     2231.00     1312.00
3201.96     5325.01     3051.00     4949.00
3648.36     2079.71     3667.00     2120.00
4460.69     3309.88     4487.00     3333.00
3057.95     1300.28     3051.00     1312.00
2418.37     1070.11     2436.00     1110.00
4955.97     5433.11     4795.00     5353.00
4978.69     7532.31     5000.00     6969.00
3794.86     3869.10     3769.00     3737.00
2055.54     2165.65     1923.00     2120.00
4583.76     6921.07     4487.00     6767.00
4907.80     3606.56     5000.00     3737.00
3544.29     -0.29     3564.00     100.00
4188.47     261.16     4179.00     302.00
4659.75     7533.09     4692.00     7373.00
4942.81     4951.72     4897.00     4949.00
3045.27     4379.08     3051.00     4343.00
3733.16     5859.40     3667.00     5555.00
4157.97     3532.28     4179.00     3737.00
3684.74     469.55     3667.00     504.00
2018.96     3660.59     1923.00     2322.00
