2130.46     909.78     2128.00     908.00
3097.12     3041.19     3154.00     3131.00
4243.44     782.52     4282.00     908.00
2785.75     1861.98     2744.00     1716.00
4845.59     2774.23     5000.00     2727.00
3935.95     4437.48     3974.00     4545.00
4375.93     7540.31     4385.00     8384.00
4726.01     4324.72     4692.00     4343.00
3841.78     6242.58     3872.00     6565.00
1953.43     1147.13     1923.00     1110.00
4764.29     8106.13     5000.00     9394.00
3876.60     1161.07     3872.00     1110.00
4043.34     6477.72     4179.00     6767.00
1752.91     -18.02     1821.00     100.00
3786.80     5622.64     3667.00     5151.00
2361.60     2050.26     2436.00     2120.00
3574.74     3503.09     3564.00     3333.00
1240.46     537.52     1205.00     504.00
3624.27     1617.80     3667.00     1514.00
3472.73     5586.79     3462.00     5353.00
3455.23     1053.36     3462.00     1110.00
1923.32     1843.47     1821.00     1918.00
4784.94     7969.56     4897.00     8586.00
5019.40     3734.03     5000.00     3535.00
3371.04     5387.92     3462.00     5555.00
2225.00     1952.33     2333.00     2120.00
4082.13     6929.68     4077.00     7373.00
4171.13     251.61     4282.00     302.00
5064.23     990.37     4897.00     908.00
4946.38     1261.87     5000.00     1312.00
4477.46     1474.13     4487.00     1514.00
4267.63     7231.80     4282.00     8182.00
2085.32     2035.81     2128.00     2120.00
4120.53     6149.09     4077.00     5757.00
3023.27     1116.18     3051.00     1110.00
2122.69     3480.56     1923.00     2322.00
3304.67     401.06     3256.00     302.00
3603.87     5987.37     3667.00     6161.00
4011.14     5277.01     3974.00     4949.00
3395.22     4866.40     3256.00     4343.00
4652.20     7983.67     5000.00     9596.00
3030.58     4279.78     3051.00     4343.00
4525.13     5012.18     4590.00     5151.00
1951.51     712.33     2026.00     706.00
2483.42     2927.01     2641.00     3131.00
4927.30     4568.09     4795.00     4343.00
4055.54     3090.21     4077.00     3131.00
4139.02     3723.78     3974.00     3535.00
4668.37     844.40     4692.00     908.00
2958.77     360.24     2949.00     302.00
4577.64     7503.93     4487.00     7171.00
2154.49     1874.21     2231.00     1918.00
4821.48     8093.15     4795.00     8182.00
4229.10     6277.47     4282.00     6161.00
2929.30     2701.66     2949.00     2727.00
4639.43     6547.77     4692.00     6161.00
4562.13     2026.45     4590.00     2120.00
3988.00     6191.75     3974.00     5555.00
4683.82     5454.82     4590.00     5353.00
3118.91     2247.13     3154.00     2322.00
4672.27     1198.16     4692.00     1312.00
3963.95     4158.33     4077.00     4343.00
3608.16     4757.29     3667.00     4747.00
2160.25     2777.17     2333.00     2727.00
4671.95     7903.29     4692.00     8990.00
2938.56     865.37     2949.00     908.00
3379.64     3113.82     3462.00     3131.00
2842.93     144.37     2744.00     100.00
4671.34     550.29     4692.00     504.00
4101.41     2936.93     4077.00     2929.00
4444.73     4420.31     4385.00     4343.00
4293.85     6710.59     4179.00     6161.00
1599.60     -86.43     1718.00     100.00
2413.98     3111.21     2538.00     3333.00
4677.47     2037.07     4692.00     2120.00
4193.19     4875.18     4077.00     4747.00
4678.95     2364.00     4692.00     2322.00
3589.14     1292.14     3564.00     1312.00
1584.79     585.28     1513.00     706.00
4992.76     3050.14     4897.00     2929.00
3623.62     2482.74     3667.00     2524.00
3462.40     4978.47     3462.00     4949.00
4424.60     5521.00     4282.00     5151.00
2708.62     3961.26     2744.00     4343.00
4521.64     7154.76     4487.00     6767.00
4373.17     6923.93     4385.00     6969.00
3589.99     6033.98     3462.00     6161.00
4782.95     7775.58     4692.00     7575.00
3200.31     2299.50     3256.00     2322.00
3394.19     608.72     3462.00     706.00
3851.04     6431.96     3974.00     7171.00
4126.43     1553.93     4179.00     1514.00
2076.73     566.94     2128.00     504.00
2251.13     511.66     2333.00     706.00
2933.81     1565.67     2846.00     1514.00
4797.37     5645.83     4692.00     5353.00
4396.35     373.88     4385.00     504.00
4705.76     8000.20     4897.00     9394.00
4693.06     4549.70     4692.00     4545.00
4901.62     7489.85     4795.00     6767.00
1849.57     456.67     1923.00     504.00
4851.02     5400.23     4795.00     5151.00
2776.47     2281.04     2846.00     2322.00
2257.10     1739.23     2231.00     1716.00
4458.02     3621.90     4487.00     3737.00
1944.97     1566.69     2026.00     1514.00
3800.50     5875.68     3769.00     5555.00
3421.20     1869.00     3462.00     1918.00
3328.30     1603.49     3359.00     1716.00
4862.08     1875.90     4897.00     1918.00
4840.56     7657.83     4795.00     6969.00
4754.18     1732.39     4692.00     1514.00
3377.46     5380.79     3256.00     5555.00
3986.93     5718.93     3974.00     5353.00
4568.27     4719.96     4692.00     4747.00
4175.28     2236.68     4179.00     2120.00
4330.40     7137.57     4385.00     7980.00
2954.63     4750.72     2949.00     4747.00
3509.60     1898.36     3564.00     1918.00
4646.88     1131.08     4692.00     1110.00
3993.64     2273.46     3974.00     2120.00
2645.21     949.72     2641.00     908.00
4425.96     7479.21     4385.00     7373.00
3561.87     5747.05     3667.00     5959.00
3422.62     251.96     3462.00     302.00
5017.87     4348.28     4897.00     3939.00
3627.58     4656.40     3667.00     4545.00
5114.75     940.77     5000.00     1110.00
1949.43     1736.69     1821.00     1716.00
4374.11     5033.42     4385.00     5151.00
4734.02     5964.05     4692.00     5959.00
4532.89     4654.11     4487.00     4545.00
3284.32     1098.69     3359.00     1312.00
2788.80     2576.25     2744.00     2524.00
2816.33     1584.97     2744.00     1514.00
3269.23     3641.04     3256.00     3939.00
1713.92     1137.18     1718.00     1110.00
1585.09     185.34     1615.00     302.00
4425.60     7500.02     4487.00     8586.00
4479.50     4233.93     4385.00     4141.00
4806.53     5416.50     4692.00     5151.00
1257.30     219.76     1308.00     100.00
2494.31     1574.77     2436.00     1514.00
2305.31     2952.70     2333.00     2929.00
4117.62     5334.72     4077.00     5151.00
3978.52     6451.93     3872.00     6161.00
4141.32     2316.03     4179.00     2322.00
4098.95     1242.47     4179.00     1312.00
2939.05     3154.52     3154.00     3535.00
4088.07     226.76     4179.00     302.00
4854.04     4012.42     4795.00     3939.00
3416.32     2899.01     3256.00     2727.00
4222.35     3469.69     4282.00     3535.00
4402.90     2936.22     4385.00     2929.00
4199.69     6915.21     4077.00     6363.00
4839.93     8004.33     5000.00     8788.00
3491.65     5729.16     3564.00     5959.00
3630.18     2374.53     3564.00     2322.00
4736.61     8137.74     4897.00     9596.00
4800.84     7849.79     4692.00     6969.00
2778.99     4155.22     2744.00     3939.00
4830.52     5952.07     4692.00     5555.00
3288.83     -51.80     3359.00     100.00
4776.52     1221.59     4795.00     1312.00
1910.19     1339.61     1923.00     1312.00
3978.70     3528.65     4077.00     3737.00
4862.27     8164.06     4897.00     8990.00
3131.86     1816.63     3051.00     1716.00
1970.30     1633.81     2026.00     1716.00
3713.02     628.64     3769.00     706.00
4251.32     4569.22     4282.00     4545.00
4198.43     2519.30     4179.00     2524.00
4183.51     560.98     4179.00     504.00
4069.10     3218.52     4179.00     3333.00
4572.33     7635.13     4590.00     8182.00
4861.10     5445.36     5000.00     5353.00
3746.44     4921.76     3872.00     4949.00
4805.73     5519.15     4795.00     5353.00
3710.50     3717.04     3667.00     3737.00
3931.60     1349.13     3872.00     1312.00
4723.39     7893.24     4795.00     9192.00
4778.53     7993.28     4897.00     8182.00
3261.15     1407.01     3256.00     1514.00
4378.82     3526.74     4385.00     3535.00
4317.15     7139.99     4385.00     7778.00
2564.97     1613.38     2538.00     1514.00
3937.54     6139.96     3769.00     5353.00
4945.36     7331.35     4897.00     6565.00
3282.38     2198.75     3256.00     2120.00
2717.02     1118.01     2744.00     1110.00
3097.17     4347.35     3051.00     4141.00
3478.08     3403.46     3462.00     3333.00
4891.69     7407.19     5000.00     6969.00
3985.06     1717.85     3974.00     1716.00
4904.20     5405.82     4897.00     5151.00
3887.41     4232.73     3872.00     4141.00
3763.23     89.86     3769.00     100.00
3559.89     4148.88     3667.00     4343.00
3576.17     5737.67     3462.00     5151.00
3225.87     2570.08     3154.00     2524.00
